#include<iostream>
using namespace std;
int main(void)
{int a[100]={-2574,2740,302,
-4010,-4182,-7944,
8243,-5632,-6551,
771,-2966,6648,
2447,-1953,-884,
-5197,567,-6332,
2556,-8570,1188,
8044,1046,-248,
3314,2211,3902,
3617,1572,-2171,
6065,-2503,-3782,
-2817,-1899,-3510,
3131,3183,6203,
6318,-6187,-636,
2186,3330,-4605,
-113,3492,4497,
629,-464,3187,
-2582,-2104,-6278,
-37,316,1198,
-1520,8136,-7963,
164,470,7647,
2055,50,-3022,
-5936,466,-8267,
5912,-1424,7995,
1717,5809,-1998,
5988,2131,-4171,
4781,6418,730,
5757,-3018,-8117,
892,6002,-1706,
-4394,-8379,7601,
8034,1433,-2454,
2213,1144,-6161,
-1080,2124,-1810,-2080};
int sum=0;
for(int i=0;i<=100;i++)
sum+=a[i];
cout<<"前100个数据的和为"<<sum<<endl;
return 0;
}


